5 668 669
188 1681 668
189 669 1681
1681 669 668
68 1040 1038
481 1683 1040
188 1038 1683
1683 1038 1040
69 1044 1047
189 1686 1044
481 1047 1686
1686 1047 1044
481 1686 1683
189 1681 1686
188 1683 1681
1681 1683 1686
27 796 793
316 2056 796
313 793 2056
2056 793 796
146 1508 1506
483 2066 1508
316 1506 2066
2066 1506 1508
68 1039 1042
313 2058 1039
483 1042 2058
2058 1042 1039
483 2058 2066
313 2056 2058
316 2066 2056
2056 2066 2058
30 811 815
331 2111 811
335 815 2111
2111 815 811
69 1049 1045
486 2113 1049
331 1045 2113
2113 1045 1049
146 1507 1509
335 2122 1507
486 1509 2122
2122 1509 1507
486 2122 2113
335 2111 2122
331 2113 2111
2111 2113 2122
146 1509 1508
486 2407 1509
483 1508 2407
2407 1508 1509
69 1047 1049
481 2404 1047
486 1049 2404
2404 1049 1047
68 1042 1040
483 2403 1042
481 1040 2403
2403 1040 1042
481 2403 2404
483 2407 2403
486 2404 2407
2407 2404 2403
3 658 659
178 1651 658
179 659 1651
1651 659 658
58 980 978
451 1653 980
178 978 1653
1653 978 980
59 984 986
179 1656 984
451 986 1656
1656 986 984
451 1656 1653
179 1651 1656
178 1653 1651
1651 1653 1656
26 788 786
308 2034 788
306 786 2034
2034 786 788
141 1478 1476
453 2043 1478
308 1476 2043
2043 1476 1478
58 979 982
306 2036 979
453 982 2036
2036 982 979
453 2036 2043
306 2034 2036
308 2043 2034
2034 2043 2036
27 792 794
312 2052 792
314 794 2052
2052 794 792
59 988 985
456 2054 988
312 985 2054
2054 985 988
141 1477 1479
314 2061 1477
456 1479 2061
2061 1479 1477
456 2061 2054
314 2052 2061
312 2054 2052
2052 2054 2061
141 1479 1478
456 2377 1479
453 1478 2377
2377 1478 1479
59 986 988
451 2374 986
456 988 2374
2374 988 986
58 982 980
453 2373 982
451 980 2373
2373 980 982
451 2373 2374
453 2377 2373
456 2374 2377
2377 2374 2373
4 664 663
184 1666 664
183 663 1666
1666 663 664
64 1017 1014
466 1671 1017
184 1014 1671
1671 1014 1017
63 1008 1010
183 1668 1008
466 1010 1668
1668 1010 1008
466 1668 1671
183 1666 1668
184 1671 1666
1666 1671 1668
30 814 810
334 2107 814
330 810 2107
2107 810 814
143 1491 1489
471 2120 1491
334 1489 2120
2120 1489 1491
64 1015 1019
330 2109 1015
471 1019 2109
2109 1019 1015
471 2109 2120
330 2107 2109
334 2120 2107
2107 2120 2109
26 787 790
307 2038 787
310 790 2038
2038 790 787
63 1012 1009
468 2040 1012
307 1009 2040
2040 1009 1012
143 1488 1490
310 2048 1488
468 1490 2048
2048 1490 1488
468 2048 2040
310 2038 2048
307 2040 2038
2038 2040 2048
143 1490 1491
468 2392 1490
471 1491 2392
2392 1491 1490
63 1010 1012
466 2388 1010
468 1012 2388
2388 1012 1010
64 1019 1017
471 2389 1019
466 1017 2389
2389 1017 1019
466 2389 2388
471 2392 2389
468 2388 2392
2392 2388 2389
26 790 788
310 2042 790
308 788 2042
2042 788 790
143 1492 1488
621 2049 1492
310 1488 2049
2049 1488 1492
141 1476 1480
308 2044 1476
621 1480 2044
2044 1480 1476
621 2044 2049
308 2042 2044
310 2049 2042
2042 2049 2044
30 815 814
335 2119 815
334 814 2119
2119 814 815
146 1511 1507
625 2123 1511
335 1507 2123
2123 1507 1511
143 1489 1493
334 2121 1489
625 1493 2121
2121 1493 1489
625 2121 2123
334 2119 2121
335 2123 2119
2119 2123 2121
27 794 796
314 2060 794
316 796 2060
2060 796 794
141 1481 1477
622 2062 1481
314 1477 2062
2062 1477 1481
146 1506 1510
316 2067 1506
622 1510 2067
2067 1510 1506
622 2067 2062
316 2060 2067
314 2062 2060
2060 2062 2067
146 1510 1511
622 2543 1510
625 1511 2543
2543 1511 1510
141 1480 1481
621 2541 1480
622 1481 2541
2541 1481 1480
143 1493 1492
625 2542 1493
621 1492 2542
2542 1492 1493
621 2542 2541
625 2543 2542
622 2541 2543
2543 2541 2542
3 659 661
179 1655 659
181 661 1655
1655 661 659
59 987 984
455 1657 987
179 984 1657
1657 984 987
61 996 999
181 1661 996
455 999 1661
1661 999 996
455 1661 1657
181 1655 1661
179 1657 1655
1655 1657 1661
27 795 792
315 2053 795
312 792 2053
2053 792 795
145 1502 1500
457 2064 1502
315 1500 2064
2064 1500 1502
59 985 989
312 2055 985
457 989 2055
2055 989 985
457 2055 2064
312 2053 2055
315 2064 2053
2053 2064 2055
29 804 808
324 2089 804
328 808 2089
2089 808 804
61 1001 997
461 2091 1001
324 997 2091
2091 997 1001
145 1501 1503
328 2102 1501
461 1503 2102
2102 1503 1501
461 2102 2091
328 2089 2102
324 2091 2089
2089 2091 2102
145 1503 1502
461 2381 1503
457 1502 2381
2381 1502 1503
61 999 1001
455 2380 999
461 1001 2380
2380 1001 999
59 989 987
457 2379 989
455 987 2379
2379 987 989
455 2379 2380
457 2381 2379
461 2380 2381
2381 2380 2379
5 671 668
191 1682 671
188 668 1682
1682 668 671
71 1058 1056
482 1690 1058
191 1056 1690
1690 1056 1058
68 1038 1041
188 1684 1038
482 1041 1684
1684 1041 1038
482 1684 1690
188 1682 1684
191 1690 1682
1682 1690 1684
34 836 834
356 2178 836
354 834 2178
2178 834 836
147 1515 1513
490 2187 1515
356 1513 2187
2187 1513 1515
71 1057 1060
354 2180 1057
490 1060 2180
2180 1060 1057
490 2180 2187
354 2178 2180
356 2187 2178
2178 2187 2180
27 793 797
313 2057 793
317 797 2057
2057 797 793
68 1043 1039
484 2059 1043
313 1039 2059
2059 1039 1043
147 1512 1514
317 2068 1512
484 1514 2068
2068 1514 1512
484 2068 2059
317 2057 2068
313 2059 2057
2057 2059 2068
147 1514 1515
484 2408 1514
490 1515 2408
2408 1515 1514
68 1041 1043
482 2405 1041
484 1043 2405
2405 1043 1041
71 1060 1058
490 2406 1060
482 1058 2406
2406 1058 1060
482 2406 2405
490 2408 2406
484 2405 2408
2408 2405 2406
11 698 699
218 1771 698
219 699 1771
1771 699 698
98 1221 1218
571 1773 1221
218 1218 1773
1773 1218 1221
99 1224 1226
219 1775 1224
571 1226 1775
1775 1226 1224
571 1775 1773
219 1771 1775
218 1773 1771
1771 1773 1775
29 809 805
329 2093 809
325 805 2093
2093 805 809
149 1526 1524
573 2104 1526
329 1524 2104
2104 1524 1526
98 1219 1223
325 2095 1219
573 1223 2095
2095 1223 1219
573 2095 2104
325 2093 2095
329 2104 2093
2093 2104 2095
34 835 837
355 2182 835
357 837 2182
2182 837 835
99 1228 1225
575 2184 1228
355 1225 2184
2184 1225 1228
149 1525 1527
357 2189 1525
575 1527 2189
2189 1527 1525
575 2189 2184
357 2182 2189
355 2184 2182
2182 2184 2189
149 1527 1526
575 2495 1527
573 1526 2495
2495 1526 1527
99 1226 1228
571 2494 1226
575 1228 2494
2494 1228 1226
98 1223 1221
573 2493 1223
571 1221 2493
2493 1221 1223
571 2493 2494
573 2495 2493
575 2494 2495
2495 2494 2493
34 837 836
357 2186 837
356 836 2186
2186 836 837
149 1529 1525
629 2190 1529
357 1525 2190
2190 1525 1529
147 1513 1517
356 2188 1513
629 1517 2188
2188 1517 1513
629 2188 2190
356 2186 2188
357 2190 2186
2186 2190 2188
29 808 809
328 2101 808
329 809 2101
2101 809 808
145 1505 1501
628 2103 1505
328 1501 2103
2103 1501 1505
149 1524 1528
329 2105 1524
628 1528 2105
2105 1528 1524
628 2105 2103
329 2101 2105
328 2103 2101
2101 2103 2105
27 797 795
317 2063 797
315 795 2063
2063 795 797
147 1516 1512
627 2069 1516
317 1512 2069
2069 1512 1516
145 1500 1504
315 2065 1500
627 1504 2065
2065 1504 1500
627 2065 2069
315 2063 2065
317 2069 2063
2063 2069 2065
145 1504 1505
627 2547 1504
628 1505 2547
2547 1505 1504
147 1517 1516
629 2548 1517
627 1516 2548
2548 1516 1517
149 1528 1529
628 2549 1528
629 1529 2549
2549 1529 1528
629 2549 2548
628 2547 2549
627 2548 2547
2547 2548 2549
10 696 694
216 1759 696
214 694 1759
1759 694 696
96 1208 1206
559 1765 1208
216 1206 1765
1765 1206 1208
94 1194 1197
214 1761 1194
559 1197 1761
1761 1197 1194
559 1761 1765
214 1759 1761
216 1765 1759
1759 1765 1761
40 873 871
393 2290 873
391 871 2290
2290 871 873
152 1545 1543
565 2297 1545
393 1543 2297
2297 1543 1545
96 1207 1210
391 2292 1207
565 1210 2292
2292 1210 1207
565 2292 2297
391 2290 2292
393 2297 2290
2290 2297 2292
32 823 827
343 2147 823
347 827 2147
2147 827 823
94 1199 1195
561 2149 1199
343 1195 2149
2149 1195 1199
152 1542 1544
347 2158 1542
561 1544 2158
2158 1544 1542
561 2158 2149
347 2147 2158
343 2149 2147
2147 2149 2158
152 1544 1545
561 2483 1544
565 1545 2483
2483 1545 1544
94 1197 1199
559 2481 1197
561 1199 2481
2481 1199 1197
96 1210 1208
565 2482 1210
559 1208 2482
2482 1208 1210
559 2482 2481
565 2483 2482
561 2481 2483
2483 2481 2482
8 684 686
204 1729 684
206 686 1729
1729 686 684
84 1137 1134
529 1731 1137
204 1134 1731
1731 1134 1137
86 1146 1148
206 1735 1146
529 1148 1735
1735 1148 1146
529 1735 1731
206 1729 1735
204 1731 1729
1729 1731 1735
31 821 817
341 2129 821
337 817 2129
2129 817 821
151 1538 1536
531 2140 1538
341 1536 2140
2140 1536 1538
84 1135 1139
337 2131 1135
531 1139 2131
2131 1139 1135
531 2131 2140
337 2129 2131
341 2140 2129
2129 2140 2131
40 870 872
390 2286 870
392 872 2286
2286 872 870
86 1150 1147
535 2288 1150
390 1147 2288
2288 1147 1150
151 1537 1539
392 2295 1537
535 1539 2295
2295 1539 1537
535 2295 2288
392 2286 2295
390 2288 2286
2286 2288 2295
151 1539 1538
535 2453 1539
531 1538 2453
2453 1538 1539
86 1148 1150
529 2452 1148
535 1150 2452
2452 1150 1148
84 1139 1137
531 2451 1139
529 1137 2451
2451 1137 1139
529 2451 2452
531 2453 2451
535 2452 2453
2453 2452 2451
4 666 665
186 1672 666
185 665 1672
1672 665 666
66 1029 1026
472 1676 1029
186 1026 1676
1676 1026 1029
65 1020 1023
185 1674 1020
472 1023 1674
1674 1023 1020
472 1674 1676
185 1672 1674
186 1676 1672
1672 1676 1674
32 826 822
346 2143 826
342 822 2143
2143 822 826
150 1533 1531
476 2156 1533
346 1531 2156
2156 1531 1533
66 1027 1031
342 2145 1027
476 1031 2145
2145 1031 1027
476 2145 2156
342 2143 2145
346 2156 2143
2143 2156 2145
31 816 820
336 2125 816
340 820 2125
2125 820 816
65 1025 1021
474 2127 1025
336 1021 2127
2127 1021 1025
150 1530 1532
340 2138 1530
474 1532 2138
2138 1532 1530
474 2138 2127
340 2125 2138
336 2127 2125
2125 2127 2138
150 1532 1533
474 2396 1532
476 1533 2396
2396 1533 1532
65 1023 1025
472 2394 1023
474 1025 2394
2394 1025 1023
66 1031 1029
476 2395 1031
472 1029 2395
2395 1029 1031
472 2395 2394
476 2396 2395
474 2394 2396
2396 2394 2395
31 820 821
340 2137 820
341 821 2137
2137 821 820
150 1534 1530
630 2139 1534
340 1530 2139
2139 1530 1534
151 1536 1540
341 2141 1536
630 1540 2141
2141 1540 1536
630 2141 2139
341 2137 2141
340 2139 2137
2137 2139 2141
32 827 826
347 2155 827
346 826 2155
2155 826 827
152 1546 1542
631 2159 1546
347 1542 2159
2159 1542 1546
150 1531 1535
346 2157 1531
631 1535 2157
2157 1535 1531
631 2157 2159
346 2155 2157
347 2159 2155
2155 2159 2157
40 872 873
392 2294 872
393 873 2294
2294 873 872
151 1541 1537
632 2296 1541
392 1537 2296
2296 1537 1541
152 1543 1547
393 2298 1543
632 1547 2298
2298 1547 1543
632 2298 2296
393 2294 2298
392 2296 2294
2294 2296 2298
152 1547 1546
632 2552 1547
631 1546 2552
2552 1546 1547
151 1540 1541
630 2551 1540
632 1541 2551
2551 1541 1540
150 1535 1534
631 2550 1535
630 1534 2550
2550 1534 1535
630 2550 2551
631 2552 2550
632 2551 2552
2552 2551 2550
8 686 685
206 1732 686
205 685 1732
1732 685 686
86 1149 1146
532 1736 1149
206 1146 1736
1736 1146 1149
85 1140 1143
205 1734 1140
532 1143 1734
1734 1143 1140
532 1734 1736
205 1732 1734
206 1736 1732
1732 1736 1734
40 874 870
394 2287 874
390 870 2287
2287 870 874
157 1575 1573
536 2300 1575
394 1573 2300
2300 1573 1575
86 1147 1151
390 2289 1147
536 1151 2289
2289 1151 1147
536 2289 2300
390 2287 2289
394 2300 2287
2287 2300 2289
36 847 851
367 2219 847
371 851 2219
2219 851 847
85 1145 1141
534 2221 1145
367 1141 2221
2221 1141 1145
157 1572 1574
371 2230 1572
534 1574 2230
2230 1574 1572
534 2230 2221
371 2219 2230
367 2221 2219
2219 2221 2230
157 1574 1575
534 2456 1574
536 1575 2456
2456 1575 1574
85 1143 1145
532 2454 1143
534 1145 2454
2454 1145 1143
86 1151 1149
536 2455 1151
532 1149 2455
2455 1149 1151
532 2455 2454
536 2456 2455
534 2454 2456
2456 2454 2455
10 695 696
215 1762 695
216 696 1762
1762 696 695
95 1203 1200
562 1764 1203
215 1200 1764
1764 1200 1203
96 1206 1209
216 1766 1206
562 1209 1766
1766 1209 1206
562 1766 1764
216 1762 1766
215 1764 1762
1762 1764 1766
37 857 853
377 2237 857
373 853 2237
2237 853 857
158 1580 1578
564 2248 1580
377 1578 2248
2248 1578 1580
95 1201 1205
373 2239 1201
564 1205 2239
2239 1205 1201
564 2239 2248
373 2237 2239
377 2248 2237
2237 2248 2239
40 871 875
391 2291 871
395 875 2291
2291 875 871
96 1211 1207
566 2293 1211
391 1207 2293
2293 1207 1211
158 1579 1581
395 2302 1579
566 1581 2302
2302 1581 1579
566 2302 2293
395 2291 2302
391 2293 2291
2291 2293 2302
158 1581 1580
566 2486 1581
564 1580 2486
2486 1580 1581
96 1209 1211
562 2485 1209
566 1211 2485
2485 1211 1209
95 1205 1203
564 2484 1205
562 1203 2484
2484 1203 1205
562 2484 2485
564 2486 2484
566 2485 2486
2486 2485 2484
6 675 676
195 1702 675
196 676 1702
1702 676 675
75 1083 1080
502 1704 1083
195 1080 1704
1704 1080 1083
76 1086 1089
196 1706 1086
502 1089 1706
1706 1089 1086
502 1706 1704
196 1702 1706
195 1704 1702
1702 1704 1706
36 850 846
370 2215 850
366 846 2215
2215 846 850
156 1568 1566
504 2228 1568
370 1566 2228
2228 1566 1568
75 1081 1085
366 2217 1081
504 1085 2217
2217 1085 1081
504 2217 2228
366 2215 2217
370 2228 2215
2215 2228 2217
37 852 856
372 2233 852
376 856 2233
2233 856 852
76 1091 1087
506 2235 1091
372 1087 2235
2235 1087 1091
156 1567 1569
376 2246 1567
506 1569 2246
2246 1569 1567
506 2246 2235
376 2233 2246
372 2235 2233
2233 2235 2246
156 1569 1568
506 2426 1569
504 1568 2426
2426 1568 1569
76 1089 1091
502 2425 1089
506 1091 2425
2425 1091 1089
75 1085 1083
504 2424 1085
502 1083 2424
2424 1083 1085
502 2424 2425
504 2426 2424
506 2425 2426
2426 2425 2424
37 856 857
376 2245 856
377 857 2245
2245 857 856
156 1571 1567
637 2247 1571
376 1567 2247
2247 1567 1571
158 1578 1582
377 2249 1578
637 1582 2249
2249 1582 1578
637 2249 2247
377 2245 2249
376 2247 2245
2245 2247 2249
36 851 850
371 2227 851
370 850 2227
2227 850 851
157 1576 1572
636 2231 1576
371 1572 2231
2231 1572 1576
156 1566 1570
370 2229 1566
636 1570 2229
2229 1570 1566
636 2229 2231
370 2227 2229
371 2231 2227
2227 2231 2229
40 875 874
395 2299 875
394 874 2299
2299 874 875
158 1583 1579
638 2303 1583
395 1579 2303
2303 1579 1583
157 1573 1577
394 2301 1573
638 1577 2301
2301 1577 1573
638 2301 2303
394 2299 2301
395 2303 2299
2299 2303 2301
157 1577 1576
638 2557 1577
636 1576 2557
2557 1576 1577
158 1582 1583
637 2558 1582
638 1583 2558
2558 1583 1582
156 1570 1571
636 2556 1570
637 1571 2556
2556 1571 1570
637 2556 2558
636 2557 2556
638 2558 2557
2557 2558 2556
1 650 647
170 1617 650
167 647 1617
1617 647 650
50 932 930
417 1628 932
170 930 1628
1628 930 932
47 912 914
167 1619 912
417 914 1619
1619 914 912
417 1619 1628
167 1617 1619
170 1628 1617
1617 1628 1619
20 752 750
272 1926 752
270 750 1926
1926 750 752
117 1335 1333
428 1935 1335
272 1333 1935
1935 1333 1335
50 931 934
270 1928 931
428 934 1928
1928 934 931
428 1928 1935
270 1926 1928
272 1935 1926
1926 1935 1928
17 732 734
252 1872 732
254 734 1872
1872 734 732
47 916 913
419 1874 916
252 913 1874
1874 913 916
117 1332 1334
254 1881 1332
419 1334 1881
1881 1334 1332
419 1881 1874
254 1872 1881
252 1874 1872
1872 1874 1881
117 1334 1335
419 2341 1334
428 1335 2341
2341 1335 1334
47 914 916
417 2337 914
419 916 2337
2337 916 914
50 934 932
428 2338 934
417 932 2338
2338 932 934
417 2338 2337
428 2341 2338
419 2337 2341
2341 2337 2338
10 693 692
213 1752 693
212 692 1752
1752 692 693
93 1190 1188
552 1757 1190
213 1188 1757
1757 1188 1190
92 1182 1184
212 1754 1182
552 1184 1754
1754 1184 1182
552 1754 1757
212 1752 1754
213 1757 1752
1752 1757 1754
28 801 799
321 2074 801
319 799 2074
2074 799 801
128 1401 1399
557 2081 1401
321 1399 2081
2081 1399 1401
93 1189 1192
319 2076 1189
557 1192 2076
2076 1192 1189
557 2076 2081
319 2074 2076
321 2081 2074
2074 2081 2076
20 751 754
271 1930 751
274 754 1930
1930 754 751
92 1186 1183
554 1932 1186
271 1183 1932
1932 1183 1186
128 1398 1400
274 1940 1398
554 1400 1940
1940 1400 1398
554 1940 1932
274 1930 1940
271 1932 1930
1930 1932 1940
128 1400 1401
554 2476 1400
557 1401 2476
2476 1401 1400
92 1184 1186
552 2472 1184
554 1186 2472
2472 1186 1184
93 1192 1190
557 2473 1192
552 1190 2473
2473 1190 1192
552 2473 2472
557 2476 2473
554 2472 2476
2476 2472 2473
3 657 660
177 1647 657
180 660 1647
1647 660 657
57 974 972
447 1649 974
177 972 1649
1649 972 974
60 990 992
180 1658 990
447 992 1658
1658 992 990
447 1658 1649
180 1647 1658
177 1649 1647
1647 1649 1658
17 736 733
256 1876 736
253 733 1876
1876 733 736
119 1346 1344
449 1886 1346
256 1344 1886
1886 1344 1346
57 973 976
253 1878 973
449 976 1878
1878 976 973
449 1878 1886
253 1876 1878
256 1886 1876
1876 1886 1878
28 798 800
318 2070 798
320 800 2070
2070 800 798
60 994 991
458 2072 994
318 991 2072
2072 991 994
119 1345 1347
320 2079 1345
458 1347 2079
2079 1347 1345
458 2079 2072
320 2070 2079
318 2072 2070
2070 2072 2079
119 1347 1346
458 2371 1347
449 1346 2371
2371 1346 1347
60 992 994
447 2368 992
458 994 2368
2368 994 992
57 976 974
449 2367 976
447 974 2367
2367 974 976
447 2367 2368
449 2371 2367
458 2368 2371
2371 2368 2367
28 800 801
320 2078 800
321 801 2078
2078 801 800
119 1349 1345
601 2080 1349
320 1345 2080
2080 1345 1349
128 1399 1403
321 2082 1399
601 1403 2082
2082 1403 1399
601 2082 2080
321 2078 2082
320 2080 2078
2078 2080 2082
17 734 736
254 1880 734
256 736 1880
1880 736 734
117 1336 1332
597 1882 1336
254 1332 1882
1882 1332 1336
119 1344 1348
256 1887 1344
597 1348 1887
1887 1348 1344
597 1887 1882
256 1880 1887
254 1882 1880
1880 1882 1887
20 754 752
274 1934 754
272 752 1934
1934 752 754
128 1402 1398
598 1941 1402
274 1398 1941
1941 1398 1402
117 1333 1337
272 1936 1333
598 1337 1936
1936 1337 1333
598 1936 1941
272 1934 1936
274 1941 1934
1934 1941 1936
117 1337 1336
598 2517 1337
597 1336 2517
2517 1336 1337
128 1403 1402
601 2519 1403
598 1402 2519
2519 1402 1403
119 1348 1349
597 2518 1348
601 1349 2518
2518 1349 1348
601 2518 2519
597 2517 2518
598 2519 2517
2517 2519 2518
1 647 651
167 1618 647
171 651 1618
1618 651 647
47 915 912
418 1620 915
167 912 1620
1620 912 915
51 936 938
171 1630 936
418 938 1630
1630 938 936
418 1630 1620
171 1618 1630
167 1620 1618
1618 1620 1630
17 735 732
255 1873 735
252 732 1873
1873 732 735
118 1340 1338
420 1884 1340
255 1338 1884
1884 1338 1340
47 913 917
252 1875 913
420 917 1875
1875 917 913
420 1875 1884
252 1873 1875
255 1884 1873
1873 1884 1875
21 756 758
276 1944 756
278 758 1944
1944 758 756
51 940 937
430 1946 940
276 937 1946
1946 937 940
118 1339 1341
278 1953 1339
430 1341 1953
1953 1341 1339
430 1953 1946
278 1944 1953
276 1946 1944
1944 1946 1953
118 1341 1340
430 2342 1341
420 1340 2342
2342 1340 1341
51 938 940
418 2340 938
430 940 2340
2340 940 938
47 917 915
420 2339 917
418 915 2339
2339 915 917
418 2339 2340
420 2342 2339
430 2340 2342
2342 2340 2339
3 661 657
181 1648 661
177 657 1648
1648 657 661
61 998 996
448 1660 998
181 996 1660
1660 996 998
57 972 975
177 1650 972
448 975 1650
1650 975 972
448 1650 1660
177 1648 1650
181 1660 1648
1648 1660 1650
29 806 804
326 2088 806
324 804 2088
2088 804 806
120 1353 1351
460 2097 1353
326 1351 2097
2097 1351 1353
61 997 1000
324 2090 997
460 1000 2090
2090 1000 997
460 2090 2097
324 2088 2090
326 2097 2088
2088 2097 2090
17 733 737
253 1877 733
257 737 1877
1877 737 733
57 977 973
450 1879 977
253 973 1879
1879 973 977
120 1350 1352
257 1888 1350
450 1352 1888
1888 1352 1350
450 1888 1879
257 1877 1888
253 1879 1877
1877 1879 1888
120 1352 1353
450 2372 1352
460 1353 2372
2372 1353 1352
57 975 977
448 2369 975
450 977 2369
2369 977 975
61 1000 998
460 2370 1000
448 998 2370
2370 998 1000
448 2370 2369
460 2372 2370
450 2369 2372
2372 2369 2370
11 697 698
217 1767 697
218 698 1767
1767 698 697
97 1214 1212
567 1769 1214
217 1212 1769
1769 1212 1214
98 1218 1220
218 1772 1218
567 1220 1772
1772 1220 1218
567 1772 1769
218 1767 1772
217 1769 1767
1767 1769 1772
21 760 757
280 1948 760
277 757 1948
1948 757 760
130 1412 1410
569 1958 1412
280 1410 1958
1958 1410 1412
97 1213 1216
277 1950 1213
569 1216 1950
1950 1216 1213
569 1950 1958
277 1948 1950
280 1958 1948
1948 1958 1950
29 805 807
325 2092 805
327 807 2092
2092 807 805
98 1222 1219
572 2094 1222
325 1219 2094
2094 1219 1222
130 1411 1413
327 2099 1411
572 1413 2099
2099 1413 1411
572 2099 2094
327 2092 2099
325 2094 2092
2092 2094 2099
130 1413 1412
572 2491 1413
569 1412 2491
2491 1412 1413
98 1220 1222
567 2488 1220
572 1222 2488
2488 1222 1220
97 1216 1214
569 2487 1216
567 1214 2487
2487 1214 1216
567 2487 2488
569 2491 2487
572 2488 2491
2491 2488 2487
29 807 806
327 2096 807
326 806 2096
2096 806 807
130 1415 1411
602 2100 1415
327 1411 2100
2100 1411 1415
120 1351 1355
326 2098 1351
602 1355 2098
2098 1355 1351
602 2098 2100
326 2096 2098
327 2100 2096
2096 2100 2098
21 758 760
278 1952 758
280 760 1952
1952 760 758
118 1343 1339
600 1954 1343
278 1339 1954
1954 1339 1343
130 1410 1414
280 1959 1410
600 1414 1959
1959 1414 1410
600 1959 1954
280 1952 1959
278 1954 1952
1952 1954 1959
17 737 735
257 1883 737
255 735 1883
1883 735 737
120 1354 1350
599 1889 1354
257 1350 1889
1889 1350 1354
118 1338 1342
255 1885 1338
599 1342 1885
1885 1342 1338
599 1885 1889
255 1883 1885
257 1889 1883
1883 1889 1885
118 1342 1343
599 2520 1342
600 1343 2520
2520 1343 1342
120 1355 1354
602 2521 1355
599 1354 2521
2521 1354 1355
130 1414 1415
600 2522 1414
602 1415 2522
2522 1415 1414
602 2522 2521
600 2520 2522
599 2521 2520
2520 2521 2522
9 689 687
209 1738 689
207 687 1738
1738 687 689
89 1166 1164
538 1745 1166
209 1164 1745
1745 1164 1166
87 1152 1155
207 1740 1152
538 1155 1740
1740 1155 1152
538 1740 1745
207 1738 1740
209 1745 1738
1738 1745 1740
33 831 829
351 2164 831
349 829 2164
2164 829 831
116 1329 1327
545 2171 1329
351 1327 2171
2171 1327 1329
89 1165 1168
349 2166 1165
545 1168 2166
2166 1168 1165
545 2166 2171
349 2164 2166
351 2171 2164
2164 2171 2166
16 727 731
247 1859 727
251 731 1859
1859 731 727
87 1157 1153
540 1861 1157
247 1153 1861
1861 1153 1157
116 1326 1328
251 1870 1326
540 1328 1870
1870 1328 1326
540 1870 1861
251 1859 1870
247 1861 1859
1859 1861 1870
116 1328 1329
540 2462 1328
545 1329 2462
2462 1329 1328
87 1155 1157
538 2459 1155
540 1157 2459
2459 1157 1155
89 1168 1166
545 2460 1168
538 1166 2460
2460 1166 1168
538 2460 2459
545 2462 2460
540 2459 2462
2462 2459 2460
5 667 670
187 1678 667
190 670 1678
1678 670 667
67 1035 1032
478 1680 1035
187 1032 1680
1680 1032 1035
70 1050 1052
190 1688 1050
478 1052 1688
1688 1052 1050
478 1688 1680
190 1678 1688
187 1680 1678
1678 1680 1688
14 719 715
239 1823 719
235 715 1823
1823 715 719
112 1304 1302
480 1834 1304
239 1302 1834
1834 1302 1304
67 1033 1037
235 1825 1033
480 1037 1825
1825 1037 1033
480 1825 1834
235 1823 1825
239 1834 1823
1823 1834 1825
33 828 830
348 2160 828
350 830 2160
2160 830 828
70 1054 1051
488 2162 1054
348 1051 2162
2162 1051 1054
112 1303 1305
350 2169 1303
488 1305 2169
2169 1305 1303
488 2169 2162
350 2160 2169
348 2162 2160
2160 2162 2169
112 1305 1304
488 2402 1305
480 1304 2402
2402 1304 1305
70 1052 1054
478 2400 1052
488 1054 2400
2400 1054 1052
67 1037 1035
480 2399 1037
478 1035 2399
2399 1035 1037
478 2399 2400
480 2402 2399
488 2400 2402
2402 2400 2399
0 646 644
166 1610 646
164 644 1610
1610 644 646
46 909 906
410 1616 909
166 906 1616
1616 906 909
44 894 897
164 1612 894
410 897 1612
1612 897 894
410 1612 1616
164 1610 1612
166 1616 1610
1610 1616 1612
16 729 726
249 1855 729
246 726 1855
1855 726 729
110 1293 1291
416 1866 1293
249 1291 1866
1866 1291 1293
46 907 911
246 1857 907
416 911 1857
1857 911 907
416 1857 1866
246 1855 1857
249 1866 1855
1855 1866 1857
14 714 717
234 1819 714
237 717 1819
1819 717 714
44 899 895
412 1821 899
234 895 1821
1821 895 899
110 1290 1292
237 1830 1290
412 1292 1830
1830 1292 1290
412 1830 1821
237 1819 1830
234 1821 1819
1819 1821 1830
110 1292 1293
412 2336 1292
416 1293 2336
2336 1293 1292
44 897 899
410 2334 897
412 899 2334
2334 899 897
46 911 909
416 2335 911
410 909 2335
2335 909 911
410 2335 2334
416 2336 2335
412 2334 2336
2336 2334 2335
14 717 719
237 1829 717
239 719 1829
1829 719 717
110 1294 1290
594 1831 1294
237 1290 1831
1831 1290 1294
112 1302 1306
239 1835 1302
594 1306 1835
1835 1306 1302
594 1835 1831
239 1829 1835
237 1831 1829
1829 1831 1835
16 731 729
251 1865 731
249 729 1865
1865 729 731
116 1330 1326
595 1871 1330
251 1326 1871
1871 1326 1330
110 1291 1295
249 1867 1291
595 1295 1867
1867 1295 1291
595 1867 1871
249 1865 1867
251 1871 1865
1865 1871 1867
33 830 831
350 2168 830
351 831 2168
2168 831 830
112 1307 1303
596 2170 1307
350 1303 2170
2170 1303 1307
116 1327 1331
351 2172 1327
596 1331 2172
2172 1331 1327
596 2172 2170
351 2168 2172
350 2170 2168
2168 2170 2172
116 1331 1330
596 2516 1331
595 1330 2516
2516 1330 1331
112 1306 1307
594 2515 1306
596 1307 2515
2515 1307 1306
110 1295 1294
595 2514 1295
594 1294 2514
2514 1294 1295
594 2514 2515
595 2516 2514
596 2515 2516
2516 2515 2514
5 669 667
189 1677 669
187 667 1677
1677 667 669
69 1046 1044
477 1685 1046
189 1044 1685
1685 1044 1046
67 1032 1034
187 1679 1032
477 1034 1679
1679 1034 1032
477 1679 1685
187 1677 1679
189 1685 1677
1677 1685 1679
30 813 811
333 2110 813
331 811 2110
2110 811 813
111 1299 1297
485 2117 1299
333 1297 2117
2117 1297 1299
69 1045 1048
331 2112 1045
485 1048 2112
2112 1048 1045
485 2112 2117
331 2110 2112
333 2117 2110
2110 2117 2112
14 715 718
235 1822 715
238 718 1822
1822 718 715
67 1036 1033
479 1824 1036
235 1033 1824
1824 1033 1036
111 1296 1298
238 1832 1296
479 1298 1832
1832 1298 1296
479 1832 1824
238 1822 1832
235 1824 1822
1822 1824 1832
111 1298 1299
479 2401 1298
485 1299 2401
2401 1299 1298
67 1034 1036
477 2397 1034
479 1036 2397
2397 1036 1034
69 1048 1046
485 2398 1048
477 1046 2398
2398 1046 1048
477 2398 2397
485 2401 2398
479 2397 2401
2401 2397 2398
4 662 664
182 1662 662
184 664 1662
1662 664 662
62 1004 1002
462 1664 1004
182 1002 1664
1664 1002 1004
64 1014 1016
184 1670 1014
462 1016 1670
1670 1016 1014
462 1670 1664
184 1662 1670
182 1664 1662
1662 1664 1670
13 712 709
232 1804 712
229 709 1804
1804 709 712
108 1280 1278
464 1814 1280
232 1278 1814
1814 1278 1280
62 1003 1006
229 1806 1003
464 1006 1806
1806 1006 1003
464 1806 1814
229 1804 1806
232 1814 1804
1804 1814 1806
30 810 812
330 2106 810
332 812 2106
2106 812 810
64 1018 1015
470 2108 1018
330 1015 2108
2108 1015 1018
108 1279 1281
332 2115 1279
470 1281 2115
2115 1281 1279
470 2115 2108
332 2106 2115
330 2108 2106
2106 2108 2115
108 1281 1280
470 2386 1281
464 1280 2386
2386 1280 1281
64 1016 1018
462 2383 1016
470 1018 2383
2383 1018 1016
62 1006 1004
464 2382 1006
462 1004 2382
2382 1004 1006
462 2382 2383
464 2386 2382
470 2383 2386
2386 2383 2382
0 644 643
164 1606 644
163 643 1606
1606 643 644
44 896 894
406 1611 896
164 894 1611
1611 894 896
43 888 890
163 1608 888
406 890 1608
1608 890 888
406 1608 1611
163 1606 1608
164 1611 1606
1606 1611 1608
14 716 714
236 1818 716
234 714 1818
1818 714 716
106 1269 1267
411 1827 1269
236 1267 1827
1827 1267 1269
44 895 898
234 1820 895
411 898 1820
1820 898 895
411 1820 1827
234 1818 1820
236 1827 1818
1818 1827 1820
13 708 710
228 1800 708
230 710 1800
1800 710 708
43 892 889
408 1802 892
228 889 1802
1802 889 892
106 1266 1268
230 1809 1266
408 1268 1809
1809 1268 1266
408 1809 1802
230 1800 1809
228 1802 1800
1800 1802 1809
106 1268 1269
408 2332 1268
411 1269 2332
2332 1269 1268
43 890 892
406 2328 890
408 892 2328
2328 892 890
44 898 896
411 2329 898
406 896 2329
2329 896 898
406 2329 2328
411 2332 2329
408 2328 2332
2332 2328 2329
13 710 712
230 1808 710
232 712 1808
1808 712 710
106 1270 1266
588 1810 1270
230 1266 1810
1810 1266 1270
108 1278 1282
232 1815 1278
588 1282 1815
1815 1282 1278
588 1815 1810
232 1808 1815
230 1810 1808
1808 1810 1815
14 718 716
238 1826 718
236 716 1826
1826 716 718
111 1300 1296
589 1833 1300
238 1296 1833
1833 1296 1300
106 1267 1271
236 1828 1267
589 1271 1828
1828 1271 1267
589 1828 1833
236 1826 1828
238 1833 1826
1826 1833 1828
30 812 813
332 2114 812
333 813 2114
2114 813 812
108 1283 1279
592 2116 1283
332 1279 2116
2116 1279 1283
111 1297 1301
333 2118 1297
592 1301 2118
2118 1301 1297
592 2118 2116
333 2114 2118
332 2116 2114
2114 2116 2118
111 1301 1300
592 2510 1301
589 1300 2510
2510 1300 1301
108 1282 1283
588 2509 1282
592 1283 2509
2509 1283 1282
106 1271 1270
589 2508 1271
588 1270 2508
2508 1270 1271
588 2508 2509
589 2510 2508
592 2509 2510
2510 2509 2508
9 687 688
207 1737 687
208 688 1737
1737 688 687
87 1154 1152
537 1739 1154
207 1152 1739
1739 1152 1154
88 1158 1160
208 1742 1158
537 1160 1742
1742 1160 1158
537 1742 1739
208 1737 1742
207 1739 1737
1737 1739 1742
16 730 727
250 1858 730
247 727 1858
1858 727 730
115 1322 1320
539 1868 1322
250 1320 1868
1868 1320 1322
87 1153 1156
247 1860 1153
539 1156 1860
1860 1156 1153
539 1860 1868
247 1858 1860
250 1868 1858
1858 1868 1860
25 781 783
301 2020 781
303 783 2020
2020 783 781
88 1162 1159
542 2022 1162
301 1159 2022
2022 1159 1162
115 1321 1323
303 2027 1321
542 1323 2027
2027 1323 1321
542 2027 2022
303 2020 2027
301 2022 2020
2020 2022 2027
115 1323 1322
542 2461 1323
539 1322 2461
2461 1322 1323
88 1160 1162
537 2458 1160
542 1162 2458
2458 1162 1160
87 1156 1154
539 2457 1156
537 1154 2457
2457 1154 1156
537 2457 2458
539 2461 2457
542 2458 2461
2461 2458 2457
0 642 646
162 1603 642
166 646 1603
1603 646 642
42 885 882
403 1605 885
162 882 1605
1605 882 885
46 906 908
166 1615 906
403 908 1615
1615 908 906
403 1615 1605
166 1603 1615
162 1605 1603
1603 1605 1615
12 705 702
225 1783 705
222 702 1783
1783 702 705
103 1250 1248
405 1794 1250
225 1248 1794
1794 1248 1250
42 883 887
222 1785 883
405 887 1785
1785 887 883
405 1785 1794
222 1783 1785
225 1794 1783
1783 1794 1785
16 726 728
246 1854 726
248 728 1854
1854 728 726
46 910 907
415 1856 910
246 907 1856
1856 907 910
103 1249 1251
248 1863 1249
415 1251 1863
1863 1251 1249
415 1863 1856
248 1854 1863
246 1856 1854
1854 1856 1863
103 1251 1250
415 2327 1251
405 1250 2327
2327 1250 1251
46 908 910
403 2325 908
415 910 2325
2325 910 908
42 887 885
405 2324 887
403 885 2324
2324 885 887
403 2324 2325
405 2327 2324
415 2325 2327
2327 2325 2324
2 656 652
176 1633 656
172 652 1633
1633 652 656
56 968 966
433 1645 968
176 966 1645
1645 966 968
52 942 945
172 1635 942
433 945 1635
1635 945 942
433 1635 1645
172 1633 1635
176 1645 1633
1633 1645 1635
25 782 780
302 2016 782
300 780 2016
2016 780 782
105 1263 1261
445 2025 1263
302 1261 2025
2025 1261 1263
56 967 970
300 2018 967
445 970 2018
2018 970 967
445 2018 2025
300 2016 2018
302 2025 2016
2016 2025 2018
12 703 707
223 1787 703
227 707 1787
1787 707 703
52 947 943
435 1789 947
223 943 1789
1789 943 947
105 1260 1262
227 1798 1260
435 1262 1798
1798 1262 1260
435 1798 1789
227 1787 1798
223 1789 1787
1787 1789 1798
105 1262 1263
435 2357 1262
445 1263 2357
2357 1263 1262
52 945 947
433 2354 945
435 947 2354
2354 947 945
56 970 968
445 2355 970
433 968 2355
2355 968 970
433 2355 2354
445 2357 2355
435 2354 2357
2357 2354 2355
12 707 705
227 1793 707
225 705 1793
1793 705 707
105 1264 1260
584 1799 1264
227 1260 1799
1799 1260 1264
103 1248 1252
225 1795 1248
584 1252 1795
1795 1252 1248
584 1795 1799
225 1793 1795
227 1799 1793
1793 1799 1795
25 783 782
303 2024 783
302 782 2024
2024 782 783
115 1325 1321
587 2028 1325
303 1321 2028
2028 1321 1325
105 1261 1265
302 2026 1261
587 1265 2026
2026 1265 1261
587 2026 2028
302 2024 2026
303 2028 2024
2024 2028 2026
16 728 730
248 1862 728
250 730 1862
1862 730 728
103 1253 1249
585 1864 1253
248 1249 1864
1864 1249 1253
115 1320 1324
250 1869 1320
585 1324 1869
1869 1324 1320
585 1869 1864
250 1862 1869
248 1864 1862
1862 1864 1869
115 1324 1325
585 2507 1324
587 1325 2507
2507 1325 1324
103 1252 1253
584 2505 1252
585 1253 2505
2505 1253 1252
105 1265 1264
587 2506 1265
584 1264 2506
2506 1264 1265
584 2506 2505
587 2507 2506
585 2505 2507
2507 2505 2506
0 645 642
165 1602 645
162 642 1602
1602 642 645
45 902 900
402 1613 902
165 900 1613
1613 900 902
42 882 884
162 1604 882
402 884 1604
1604 884 882
402 1604 1613
162 1602 1604
165 1613 1602
1602 1613 1604
15 722 720
242 1836 722
240 720 1836
1836 720 722
102 1245 1243
413 1845 1245
242 1243 1845
1845 1243 1245
45 901 904
240 1838 901
413 904 1838
1838 904 901
413 1838 1845
240 1836 1838
242 1845 1836
1836 1845 1838
12 702 704
222 1782 702
224 704 1782
1782 704 702
42 886 883
404 1784 886
222 883 1784
1784 883 886
102 1242 1244
224 1791 1242
404 1244 1791
1791 1244 1242
404 1791 1784
224 1782 1791
222 1784 1782
1782 1784 1791
102 1244 1245
404 2326 1244
413 1245 2326
2326 1245 1244
42 884 886
402 2322 884
404 886 2322
2322 886 884
45 904 902
413 2323 904
402 902 2323
2323 902 904
402 2323 2322
413 2326 2323
404 2322 2326
2326 2322 2323
8 683 682
203 1722 683
202 682 1722
1722 682 683
83 1130 1128
522 1727 1130
203 1128 1727
1727 1128 1130
82 1122 1124
202 1724 1122
522 1124 1724
1724 1124 1122
522 1724 1727
202 1722 1724
203 1727 1722
1722 1727 1724
24 777 775
297 2002 777
295 775 2002
2002 775 777
113 1311 1309
527 2009 1311
297 1309 2009
2009 1309 1311
83 1129 1132
295 2004 1129
527 1132 2004
2004 1132 1129
527 2004 2009
295 2002 2004
297 2009 2002
2002 2009 2004
15 721 724
241 1840 721
244 724 1840
1840 724 721
82 1126 1123
524 1842 1126
241 1123 1842
1842 1123 1126
113 1308 1310
244 1850 1308
524 1310 1850
1850 1310 1308
524 1850 1842
244 1840 1850
241 1842 1840
1840 1842 1850
113 1310 1311
524 2446 1310
527 1311 2446
2446 1311 1310
82 1124 1126
522 2442 1124
524 1126 2442
2442 1126 1124
83 1132 1130
527 2443 1132
522 1130 2443
2443 1130 1132
522 2443 2442
527 2446 2443
524 2442 2446
2446 2442 2443
2 652 655
172 1632 652
175 655 1632
1632 655 652
52 944 942
432 1634 944
172 942 1634
1634 942 944
55 960 962
175 1643 960
432 962 1643
1643 962 960
432 1643 1634
175 1632 1643
172 1634 1632
1632 1634 1643
12 706 703
226 1786 706
223 703 1786
1786 703 706
104 1256 1254
434 1796 1256
226 1254 1796
1796 1254 1256
52 943 946
223 1788 943
434 946 1788
1788 946 943
434 1788 1796
223 1786 1788
226 1796 1786
1786 1796 1788
24 774 776
294 1998 774
296 776 1998
1998 776 774
55 964 961
443 2000 964
294 961 2000
2000 961 964
104 1255 1257
296 2007 1255
443 1257 2007
2007 1257 1255
443 2007 2000
296 1998 2007
294 2000 1998
1998 2000 2007
104 1257 1256
443 2356 1257
434 1256 2356
2356 1256 1257
55 962 964
432 2353 962
443 964 2353
2353 964 962
52 946 944
434 2352 946
432 944 2352
2352 944 946
432 2352 2353
434 2356 2352
443 2353 2356
2356 2353 2352
24 776 777
296 2006 776
297 777 2006
2006 777 776
104 1259 1255
586 2008 1259
296 1255 2008
2008 1255 1259
113 1309 1313
297 2010 1309
586 1313 2010
2010 1313 1309
586 2010 2008
297 2006 2010
296 2008 2006
2006 2008 2010
12 704 706
224 1790 704
226 706 1790
1790 706 704
102 1246 1242
582 1792 1246
224 1242 1792
1792 1242 1246
104 1254 1258
226 1797 1254
582 1258 1797
1797 1258 1254
582 1797 1792
226 1790 1797
224 1792 1790
1790 1792 1797
15 724 722
244 1844 724
242 722 1844
1844 722 724
113 1312 1308
583 1851 1312
244 1308 1851
1851 1308 1312
102 1243 1247
242 1846 1243
583 1247 1846
1846 1247 1243
583 1846 1851
242 1844 1846
244 1851 1844
1844 1851 1846
102 1247 1246
583 2502 1247
582 1246 2502
2502 1246 1247
113 1313 1312
586 2504 1313
583 1312 2504
2504 1312 1313
104 1258 1259
582 2503 1258
586 1259 2503
2503 1259 1258
586 2503 2504
582 2502 2503
583 2504 2502
2502 2504 2503
2 654 656
174 1640 654
176 656 1640
1640 656 654
54 957 954
440 1642 957
174 954 1642
1642 954 957
56 966 969
176 1646 966
440 969 1646
1646 969 966
440 1646 1642
176 1640 1646
174 1642 1640
1640 1642 1646
23 771 768
291 1981 771
288 768 1981
1981 768 771
136 1448 1446
442 1992 1448
291 1446 1992
1992 1446 1448
54 955 959
288 1983 955
442 959 1983
1983 959 955
442 1983 1992
288 1981 1983
291 1992 1981
1981 1992 1983
25 780 784
300 2017 780
304 784 2017
2017 784 780
56 971 967
446 2019 971
300 967 2019
2019 967 971
136 1447 1449
304 2030 1447
446 1449 2030
2030 1449 1447
446 2030 2019
304 2017 2030
300 2019 2017
2017 2019 2030
136 1449 1448
446 2366 1449
442 1448 2366
2366 1448 1449
56 969 971
440 2365 969
446 971 2365
2365 971 969
54 959 957
442 2364 959
440 957 2364
2364 957 959
440 2364 2365
442 2366 2364
446 2365 2366
2366 2365 2364
7 680 678
200 1712 680
198 678 1712
1712 678 680
80 1112 1110
512 1718 1112
200 1110 1718
1718 1110 1112
78 1098 1101
198 1714 1098
512 1101 1714
1714 1101 1098
512 1714 1718
198 1712 1714
200 1718 1712
1712 1718 1714
38 860 858
380 2250 860
378 858 2250
2250 858 860
138 1461 1459
518 2259 1461
380 1459 2259
2259 1459 1461
80 1111 1114
378 2252 1111
518 1114 2252
2252 1114 1111
518 2252 2259
378 2250 2252
380 2259 2250
2250 2259 2252
23 769 773
289 1985 769
293 773 1985
1985 773 769
78 1103 1099
514 1987 1103
289 1099 1987
1987 1099 1103
138 1458 1460
293 1996 1458
514 1460 1996
1996 1460 1458
514 1996 1987
293 1985 1996
289 1987 1985
1985 1987 1996
138 1460 1461
514 2438 1460
518 1461 2438
2438 1461 1460
78 1101 1103
512 2435 1101
514 1103 2435
2435 1103 1101
80 1114 1112
518 2436 1114
512 1112 2436
2436 1112 1114
512 2436 2435
518 2438 2436
514 2435 2438
2438 2435 2436
9 688 690
208 1741 688
210 690 1741
1741 690 688
88 1161 1158
541 1743 1161
208 1158 1743
1743 1158 1161
90 1170 1172
210 1748 1170
541 1172 1748
1748 1172 1170
541 1748 1743
210 1741 1748
208 1743 1741
1741 1743 1748
25 785 781
305 2021 785
301 781 2021
2021 781 785
140 1472 1470
543 2032 1472
305 1470 2032
2032 1470 1472
88 1159 1163
301 2023 1159
543 1163 2023
2023 1163 1159
543 2023 2032
301 2021 2023
305 2032 2021
2021 2032 2023
38 859 861
379 2254 859
381 861 2254
2254 861 859
90 1174 1171
548 2256 1174
379 1171 2256
2256 1171 1174
140 1471 1473
381 2261 1471
548 1473 2261
2261 1473 1471
548 2261 2256
381 2254 2261
379 2256 2254
2254 2256 2261
140 1473 1472
548 2465 1473
543 1472 2465
2465 1472 1473
90 1172 1174
541 2464 1172
548 1174 2464
2464 1174 1172
88 1163 1161
543 2463 1163
541 1161 2463
2463 1161 1163
541 2463 2464
543 2465 2463
548 2464 2465
2465 2464 2463
38 861 860
381 2258 861
380 860 2258
2258 860 861
140 1475 1471
620 2262 1475
381 1471 2262
2262 1471 1475
138 1459 1463
380 2260 1459
620 1463 2260
2260 1463 1459
620 2260 2262
380 2258 2260
381 2262 2258
2258 2262 2260
25 784 785
304 2029 784
305 785 2029
2029 785 784
136 1451 1447
619 2031 1451
304 1447 2031
2031 1447 1451
140 1470 1474
305 2033 1470
619 1474 2033
2033 1474 1470
619 2033 2031
305 2029 2033
304 2031 2029
2029 2031 2033
23 773 771
293 1991 773
291 771 1991
1991 771 773
138 1462 1458
618 1997 1462
293 1458 1997
1997 1458 1462
136 1446 1450
291 1993 1446
618 1450 1993
1993 1450 1446
618 1993 1997
291 1991 1993
293 1997 1991
1991 1997 1993
136 1450 1451
618 2538 1450
619 1451 2538
2538 1451 1450
138 1463 1462
620 2539 1463
618 1462 2539
2539 1462 1463
140 1474 1475
619 2540 1474
620 1475 2540
2540 1475 1474
620 2540 2539
619 2538 2540
618 2539 2538
2538 2539 2540
7 678 679
198 1711 678
199 679 1711
1711 679 678
78 1100 1098
511 1713 1100
198 1098 1713
1713 1098 1100
79 1104 1107
199 1716 1104
511 1107 1716
1716 1107 1104
511 1716 1713
199 1711 1716
198 1713 1711
1711 1713 1716
23 772 769
292 1984 772
289 769 1984
1984 769 772
137 1454 1452
513 1994 1454
292 1452 1994
1994 1452 1454
78 1099 1102
289 1986 1099
513 1102 1986
1986 1102 1099
513 1986 1994
289 1984 1986
292 1994 1984
1984 1994 1986
35 841 845
361 2201 841
365 845 2201
2201 845 841
79 1109 1105
516 2203 1109
361 1105 2203
2203 1105 1109
137 1453 1455
365 2212 1453
516 1455 2212
2212 1455 1453
516 2212 2203
365 2201 2212
361 2203 2201
2201 2203 2212
137 1455 1454
516 2437 1455
513 1454 2437
2437 1454 1455
79 1107 1109
511 2434 1107
516 1109 2434
2434 1109 1107
78 1102 1100
513 2433 1102
511 1100 2433
2433 1100 1102
511 2433 2434
513 2437 2433
516 2434 2437
2437 2434 2433
2 653 654
173 1636 653
174 654 1636
1636 654 653
53 950 948
436 1638 950
173 948 1638
1638 948 950
54 954 956
174 1641 954
436 956 1641
1641 956 954
436 1641 1638
174 1636 1641
173 1638 1636
1636 1638 1641
22 764 762
284 1962 764
282 762 1962
1962 762 764
132 1424 1422
438 1971 1424
284 1422 1971
1971 1422 1424
53 949 952
282 1964 949
438 952 1964
1964 952 949
438 1964 1971
282 1962 1964
284 1971 1962
1962 1971 1964
23 768 770
288 1980 768
290 770 1980
1980 770 768
54 958 955
441 1982 958
288 955 1982
1982 955 958
132 1423 1425
290 1989 1423
441 1425 1989
1989 1425 1423
441 1989 1982
290 1980 1989
288 1982 1980
1980 1982 1989
132 1425 1424
441 2362 1425
438 1424 2362
2362 1424 1425
54 956 958
436 2359 956
441 958 2359
2359 958 956
53 952 950
438 2358 952
436 950 2358
2358 950 952
436 2358 2359
438 2362 2358
441 2359 2362
2362 2359 2358
6 674 673
194 1696 674
193 673 1696
1696 673 674
74 1077 1074
496 1701 1077
194 1074 1701
1701 1074 1077
73 1068 1070
193 1698 1068
496 1070 1698
1698 1070 1068
496 1698 1701
193 1696 1698
194 1701 1696
1696 1701 1698
35 844 840
364 2197 844
360 840 2197
2197 840 844
134 1437 1435
501 2210 1437
364 1435 2210
2210 1435 1437
74 1075 1079
360 2199 1075
501 1079 2199
2199 1079 1075
501 2199 2210
360 2197 2199
364 2210 2197
2197 2210 2199
22 763 766
283 1966 763
286 766 1966
1966 766 763
73 1072 1069
498 1968 1072
283 1069 1968
1968 1069 1072
134 1434 1436
286 1976 1434
498 1436 1976
1976 1436 1434
498 1976 1968
286 1966 1976
283 1968 1966
1966 1968 1976
134 1436 1437
498 2422 1436
501 1437 2422
2422 1437 1436
73 1070 1072
496 2418 1070
498 1072 2418
2418 1072 1070
74 1079 1077
501 2419 1079
496 1077 2419
2419 1077 1079
496 2419 2418
501 2422 2419
498 2418 2422
2422 2418 2419
22 766 764
286 1970 766
284 764 1970
1970 764 766
134 1438 1434
612 1977 1438
286 1434 1977
1977 1434 1438
132 1422 1426
284 1972 1422
612 1426 1972
1972 1426 1422
612 1972 1977
284 1970 1972
286 1977 1970
1970 1977 1972
35 845 844
365 2209 845
364 844 2209
2209 844 845
137 1457 1453
616 2213 1457
365 1453 2213
2213 1453 1457
134 1435 1439
364 2211 1435
616 1439 2211
2211 1439 1435
616 2211 2213
364 2209 2211
365 2213 2209
2209 2213 2211
23 770 772
290 1988 770
292 772 1988
1988 772 770
132 1427 1423
613 1990 1427
290 1423 1990
1990 1423 1427
137 1452 1456
292 1995 1452
613 1456 1995
1995 1456 1452
613 1995 1990
292 1988 1995
290 1990 1988
1988 1990 1995
137 1456 1457
613 2534 1456
616 1457 2534
2534 1457 1456
132 1426 1427
612 2532 1426
613 1427 2532
2532 1427 1426
134 1439 1438
616 2533 1439
612 1438 2533
2533 1438 1439
612 2533 2532
616 2534 2533
613 2532 2534
2534 2532 2533
11 700 697
220 1768 700
217 697 1768
1768 697 700
100 1232 1230
568 1778 1232
220 1230 1778
1778 1230 1232
97 1212 1215
217 1770 1212
568 1215 1770
1770 1215 1212
568 1770 1778
217 1768 1770
220 1778 1768
1768 1778 1770
39 867 865
387 2272 867
385 865 2272
2272 865 867
131 1419 1417
578 2279 1419
387 1417 2279
2279 1417 1419
100 1231 1234
385 2274 1231
578 1234 2274
2274 1234 1231
578 2274 2279
385 2272 2274
387 2279 2272
2272 2279 2274
21 757 761
277 1949 757
281 761 1949
1949 761 757
97 1217 1213
570 1951 1217
277 1213 1951
1951 1213 1217
131 1416 1418
281 1960 1416
570 1418 1960
1960 1418 1416
570 1960 1951
281 1949 1960
277 1951 1949
1949 1951 1960
131 1418 1419
570 2492 1418
578 1419 2492
2492 1419 1418
97 1215 1217
568 2489 1215
570 1217 2489
2489 1217 1215
100 1234 1232
578 2490 1234
568 1232 2490
2490 1232 1234
568 2490 2489
578 2492 2490
570 2489 2492
2492 2489 2490
7 677 681
197 1708 677
201 681 1708
1708 681 677
77 1095 1092
508 1710 1095
197 1092 1710
1710 1092 1095
81 1116 1118
201 1720 1116
508 1118 1720
1720 1118 1116
508 1720 1710
201 1708 1720
197 1710 1708
1708 1710 1720
19 749 745
269 1913 749
265 745 1913
1913 745 749
127 1394 1392
510 1924 1394
269 1392 1924
1924 1392 1394
77 1093 1097
265 1915 1093
510 1097 1915
1915 1097 1093
510 1915 1924
265 1913 1915
269 1924 1913
1913 1924 1915
39 864 866
384 2268 864
386 866 2268
2268 866 864
81 1120 1117
520 2270 1120
384 1117 2270
2270 1117 1120
127 1393 1395
386 2277 1393
520 1395 2277
2277 1395 1393
520 2277 2270
386 2268 2277
384 2270 2268
2268 2270 2277
127 1395 1394
520 2432 1395
510 1394 2432
2432 1394 1395
81 1118 1120
508 2430 1118
520 1120 2430
2430 1120 1118
77 1097 1095
510 2429 1097
508 1095 2429
2429 1095 1097
508 2429 2430
510 2432 2429
520 2430 2432
2432 2430 2429
1 651 649
171 1625 651
169 649 1625
1625 649 651
51 939 936
425 1631 939
171 936 1631
1631 936 939
49 924 927
169 1627 924
425 927 1627
1627 927 924
425 1627 1631
169 1625 1627
171 1631 1625
1625 1631 1627
21 759 756
279 1945 759
276 756 1945
1945 756 759
125 1383 1381
431 1956 1383
279 1381 1956
1956 1381 1383
51 937 941
276 1947 937
431 941 1947
1947 941 937
431 1947 1956
276 1945 1947
279 1956 1945
1945 1956 1947
19 744 747
264 1909 744
267 747 1909
1909 747 744
49 929 925
427 1911 929
264 925 1911
1911 925 929
125 1380 1382
267 1920 1380
427 1382 1920
1920 1382 1380
427 1920 1911
267 1909 1920
264 1911 1909
1909 1911 1920
125 1382 1383
427 2351 1382
431 1383 2351
2351 1383 1382
49 927 929
425 2349 927
427 929 2349
2349 929 927
51 941 939
431 2350 941
425 939 2350
2350 939 941
425 2350 2349
431 2351 2350
427 2349 2351
2351 2349 2350
19 747 749
267 1919 747
269 749 1919
1919 749 747
125 1384 1380
609 1921 1384
267 1380 1921
1921 1380 1384
127 1392 1396
269 1925 1392
609 1396 1925
1925 1396 1392
609 1925 1921
269 1919 1925
267 1921 1919
1919 1921 1925
21 761 759
281 1955 761
279 759 1955
1955 759 761
131 1420 1416
610 1961 1420
281 1416 1961
1961 1416 1420
125 1381 1385
279 1957 1381
610 1385 1957
1957 1385 1381
610 1957 1961
279 1955 1957
281 1961 1955
1955 1961 1957
39 866 867
386 2276 866
387 867 2276
2276 867 866
127 1397 1393
611 2278 1397
386 1393 2278
2278 1393 1397
131 1417 1421
387 2280 1417
611 1421 2280
2280 1421 1417
611 2280 2278
387 2276 2280
386 2278 2276
2276 2278 2280
131 1421 1420
611 2531 1421
610 1420 2531
2531 1420 1421
127 1396 1397
609 2530 1396
611 1397 2530
2530 1397 1396
125 1385 1384
610 2529 1385
609 1384 2529
2529 1384 1385
609 2529 2530
610 2531 2529
611 2530 2531
2531 2530 2529
1 649 648
169 1621 649
168 648 1621
1621 648 649
49 926 924
421 1626 926
169 924 1626
1626 924 926
48 918 920
168 1623 918
421 920 1623
1623 920 918
421 1623 1626
168 1621 1623
169 1626 1621
1621 1626 1623
19 746 744
266 1908 746
264 744 1908
1908 744 746
121 1359 1357
426 1917 1359
266 1357 1917
1917 1357 1359
49 925 928
264 1910 925
426 928 1910
1910 928 925
426 1910 1917
264 1908 1910
266 1917 1908
1908 1917 1910
18 738 740
258 1890 738
260 740 1890
1890 740 738
48 922 919
423 1892 922
258 919 1892
1892 919 922
121 1356 1358
260 1899 1356
423 1358 1899
1899 1358 1356
423 1899 1892
260 1890 1899
258 1892 1890
1890 1892 1899
121 1358 1359
423 2347 1358
426 1359 2347
2347 1359 1358
48 920 922
421 2343 920
423 922 2343
2343 922 920
49 928 926
426 2344 928
421 926 2344
2344 926 928
421 2344 2343
426 2347 2344
423 2343 2347
2347 2343 2344
7 679 677
199 1707 679
197 677 1707
1707 677 679
79 1106 1104
507 1715 1106
199 1104 1715
1715 1104 1106
77 1092 1094
197 1709 1092
507 1094 1709
1709 1094 1092
507 1709 1715
197 1707 1709
199 1715 1707
1707 1715 1709
35 843 841
363 2200 843
361 841 2200
2200 841 843
126 1389 1387
515 2207 1389
363 1387 2207
2207 1387 1389
79 1105 1108
361 2202 1105
515 1108 2202
2202 1108 1105
515 2202 2207
361 2200 2202
363 2207 2200
2200 2207 2202
19 745 748
265 1912 745
268 748 1912
1912 748 745
77 1096 1093
509 1914 1096
265 1093 1914
1914 1093 1096
126 1386 1388
268 1922 1386
509 1388 1922
1922 1388 1386
509 1922 1914
268 1912 1922
265 1914 1912
1912 1914 1922
126 1388 1389
509 2431 1388
515 1389 2431
2431 1389 1388
77 1094 1096
507 2427 1094
509 1096 2427
2427 1096 1094
79 1108 1106
515 2428 1108
507 1106 2428
2428 1106 1108
507 2428 2427
515 2431 2428
509 2427 2431
2431 2427 2428
6 672 674
192 1692 672
194 674 1692
1692 674 672
72 1064 1062
492 1694 1064
192 1062 1694
1694 1062 1064
74 1074 1076
194 1700 1074
492 1076 1700
1700 1076 1074
492 1700 1694
194 1692 1700
192 1694 1692
1692 1694 1700
18 742 739
262 1894 742
259 739 1894
1894 739 742
123 1370 1368
494 1904 1370
262 1368 1904
1904 1368 1370
72 1063 1066
259 1896 1063
494 1066 1896
1896 1066 1063
494 1896 1904
259 1894 1896
262 1904 1894
1894 1904 1896
35 840 842
360 2196 840
362 842 2196
2196 842 840
74 1078 1075
500 2198 1078
360 1075 2198
2198 1075 1078
123 1369 1371
362 2205 1369
500 1371 2205
2205 1371 1369
500 2205 2198
362 2196 2205
360 2198 2196
2196 2198 2205
123 1371 1370
500 2416 1371
494 1370 2416
2416 1370 1371
74 1076 1078
492 2413 1076
500 1078 2413
2413 1078 1076
72 1066 1064
494 2412 1066
492 1064 2412
2412 1064 1066
492 2412 2413
494 2416 2412
500 2413 2416
2416 2413 2412
35 842 843
362 2204 842
363 843 2204
2204 843 842
123 1373 1369
607 2206 1373
362 1369 2206
2206 1369 1373
126 1387 1391
363 2208 1387
607 1391 2208
2208 1391 1387
607 2208 2206
363 2204 2208
362 2206 2204
2204 2206 2208
18 740 742
260 1898 740
262 742 1898
1898 742 740
121 1360 1356
603 1900 1360
260 1356 1900
1900 1356 1360
123 1368 1372
262 1905 1368
603 1372 1905
1905 1372 1368
603 1905 1900
262 1898 1905
260 1900 1898
1898 1900 1905
19 748 746
268 1916 748
266 746 1916
1916 746 748
126 1390 1386
604 1923 1390
268 1386 1923
1923 1386 1390
121 1357 1361
266 1918 1357
604 1361 1918
1918 1361 1357
604 1918 1923
266 1916 1918
268 1923 1916
1916 1923 1918
121 1361 1360
604 2523 1361
603 1360 2523
2523 1360 1361
126 1391 1390
607 2525 1391
604 1390 2525
2525 1390 1391
123 1372 1373
603 2524 1372
607 1373 2524
2524 1373 1372
607 2524 2525
603 2523 2524
604 2525 2523
2523 2525 2524
0 643 645
163 1607 643
165 645 1607
1607 645 643
43 891 888
407 1609 891
163 888 1609
1609 888 891
45 900 903
165 1614 900
407 903 1614
1614 903 900
407 1614 1609
165 1607 1614
163 1609 1607
1607 1609 1614
13 711 708
231 1801 711
228 708 1801
1801 708 711
107 1274 1272
409 1812 1274
231 1272 1812
1812 1272 1274
43 889 893
228 1803 889
409 893 1803
1803 893 889
409 1803 1812
228 1801 1803
231 1812 1801
1801 1812 1803
15 720 723
240 1837 720
243 723 1837
1837 723 720
45 905 901
414 1839 905
240 901 1839
1839 901 905
107 1273 1275
243 1848 1273
414 1275 1848
1848 1275 1273
414 1848 1839
243 1837 1848
240 1839 1837
1837 1839 1848
107 1275 1274
414 2333 1275
409 1274 2333
2333 1274 1275
45 903 905
407 2331 903
414 905 2331
2331 905 903
43 893 891
409 2330 893
407 891 2330
2330 891 893
407 2330 2331
409 2333 2330
414 2331 2333
2333 2331 2330
4 665 662
185 1663 665
182 662 1663
1663 662 665
65 1022 1020
463 1673 1022
185 1020 1673
1673 1020 1022
62 1002 1005
182 1665 1002
463 1005 1665
1665 1005 1002
463 1665 1673
182 1663 1665
185 1673 1663
1663 1673 1665
31 818 816
338 2124 818
336 816 2124
2124 816 818
109 1287 1285
473 2133 1287
338 1285 2133
2133 1285 1287
65 1021 1024
336 2126 1021
473 1024 2126
2126 1024 1021
473 2126 2133
336 2124 2126
338 2133 2124
2124 2133 2126
13 709 713
229 1805 709
233 713 1805
1805 713 709
62 1007 1003
465 1807 1007
229 1003 1807
1807 1003 1007
109 1284 1286
233 1816 1284
465 1286 1816
1816 1286 1284
465 1816 1807
233 1805 1816
229 1807 1805
1805 1807 1816
109 1286 1287
465 2387 1286
473 1287 2387
2387 1287 1286
62 1005 1007
463 2384 1005
465 1007 2384
2384 1007 1005
65 1024 1022
473 2385 1024
463 1022 2385
2385 1022 1024
463 2385 2384
473 2387 2385
465 2384 2387
2387 2384 2385
8 682 684
202 1723 682
204 684 1723
1723 684 682
82 1125 1122
523 1725 1125
202 1122 1725
1725 1122 1125
84 1134 1136
204 1730 1134
523 1136 1730
1730 1136 1134
523 1730 1725
204 1723 1730
202 1725 1723
1723 1725 1730
15 725 721
245 1841 725
241 721 1841
1841 721 725
114 1316 1314
525 1852 1316
245 1314 1852
1852 1314 1316
82 1123 1127
241 1843 1123
525 1127 1843
1843 1127 1123
525 1843 1852
241 1841 1843
245 1852 1841
1841 1852 1843
31 817 819
337 2128 817
339 819 2128
2128 819 817
84 1138 1135
530 2130 1138
337 1135 2130
2130 1135 1138
114 1315 1317
339 2135 1315
530 1317 2135
2135 1317 1315
530 2135 2130
339 2128 2135
337 2130 2128
2128 2130 2135
114 1317 1316
530 2447 1317
525 1316 2447
2447 1316 1317
84 1136 1138
523 2445 1136
530 1138 2445
2445 1138 1136
82 1127 1125
525 2444 1127
523 1125 2444
2444 1125 1127
523 2444 2445
525 2447 2444
530 2445 2447
2447 2445 2444
31 819 818
339 2132 819
338 818 2132
2132 818 819
114 1319 1315
593 2136 1319
339 1315 2136
2136 1315 1319
109 1285 1289
338 2134 1285
593 1289 2134
2134 1289 1285
593 2134 2136
338 2132 2134
339 2136 2132
2132 2136 2134
15 723 725
243 1847 723
245 725 1847
1847 725 723
107 1277 1273
591 1849 1277
243 1273 1849
1849 1273 1277
114 1314 1318
245 1853 1314
591 1318 1853
1853 1318 1314
591 1853 1849
245 1847 1853
243 1849 1847
1847 1849 1853
13 713 711
233 1811 713
231 711 1811
1811 711 713
109 1288 1284
590 1817 1288
233 1284 1817
1817 1284 1288
107 1272 1276
231 1813 1272
590 1276 1813
1813 1276 1272
590 1813 1817
231 1811 1813
233 1817 1811
1811 1817 1813
107 1276 1277
590 2511 1276
591 1277 2511
2511 1277 1276
109 1289 1288
593 2512 1289
590 1288 2512
2512 1288 1289
114 1318 1319
591 2513 1318
593 1319 2513
2513 1319 1318
593 2513 2512
591 2511 2513
590 2512 2511
2511 2512 2513
2 655 653
175 1637 655
173 653 1637
1637 653 655
55 963 960
437 1644 963
175 960 1644
1644 960 963
53 948 951
173 1639 948
437 951 1639
1639 951 948
437 1639 1644
173 1637 1639
175 1644 1637
1637 1644 1639
24 778 774
298 1999 778
294 774 1999
1999 774 778
133 1431 1429
444 2012 1431
298 1429 2012
2012 1429 1431
55 961 965
294 2001 961
444 965 2001
2001 965 961
444 2001 2012
294 1999 2001
298 2012 1999
1999 2012 2001
22 762 765
282 1963 762
285 765 1963
1963 765 762
53 953 949
439 1965 953
282 949 1965
1965 949 953
133 1428 1430
285 1974 1428
439 1430 1974
1974 1430 1428
439 1974 1965
285 1963 1974
282 1965 1963
1963 1965 1974
133 1430 1431
439 2363 1430
444 1431 2363
2363 1431 1430
53 951 953
437 2360 951
439 953 2360
2360 953 951
55 965 963
444 2361 965
437 963 2361
2361 963 965
437 2361 2360
444 2363 2361
439 2360 2363
2363 2360 2361
8 685 683
205 1726 685
203 683 1726
1726 683 685
85 1142 1140
526 1733 1142
205 1140 1733
1733 1140 1142
83 1128 1131
203 1728 1128
526 1131 1728
1728 1131 1128
526 1728 1733
203 1726 1728
205 1733 1726
1726 1733 1728
36 849 847
369 2218 849
367 847 2218
2218 847 849
139 1467 1465
533 2225 1467
369 1465 2225
2225 1465 1467
85 1141 1144
367 2220 1141
533 1144 2220
2220 1144 1141
533 2220 2225
367 2218 2220
369 2225 2218
2218 2225 2220
24 775 779
295 2003 775
299 779 2003
2003 779 775
83 1133 1129
528 2005 1133
295 1129 2005
2005 1129 1133
139 1464 1466
299 2014 1464
528 1466 2014
2014 1466 1464
528 2014 2005
299 2003 2014
295 2005 2003
2003 2005 2014
139 1466 1467
528 2450 1466
533 1467 2450
2450 1467 1466
83 1131 1133
526 2448 1131
528 1133 2448
2448 1133 1131
85 1144 1142
533 2449 1144
526 1142 2449
2449 1142 1144
526 2449 2448
533 2450 2449
528 2448 2450
2450 2448 2449
6 673 675
193 1697 673
195 675 1697
1697 675 673
73 1071 1068
497 1699 1071
193 1068 1699
1699 1068 1071
75 1080 1082
195 1703 1080
497 1082 1703
1703 1082 1080
497 1703 1699
195 1697 1703
193 1699 1697
1697 1699 1703
22 767 763
287 1967 767
283 763 1967
1967 763 767
135 1442 1440
499 1978 1442
287 1440 1978
1978 1440 1442
73 1069 1073
283 1969 1069
499 1073 1969
1969 1073 1069
499 1969 1978
283 1967 1969
287 1978 1967
1967 1978 1969
36 846 848
366 2214 846
368 848 2214
2214 848 846
75 1084 1081
503 2216 1084
366 1081 2216
2216 1081 1084
135 1441 1443
368 2223 1441
503 1443 2223
2223 1443 1441
503 2223 2216
368 2214 2223
366 2216 2214
2214 2216 2223
135 1443 1442
503 2423 1443
499 1442 2423
2423 1442 1443
75 1082 1084
497 2421 1082
503 1084 2421
2421 1084 1082
73 1073 1071
499 2420 1073
497 1071 2420
2420 1071 1073
497 2420 2421
499 2423 2420
503 2421 2423
2423 2421 2420
36 848 849
368 2222 848
369 849 2222
2222 849 848
135 1445 1441
617 2224 1445
368 1441 2224
2224 1441 1445
139 1465 1469
369 2226 1465
617 1469 2226
2226 1469 1465
617 2226 2224
369 2222 2226
368 2224 2222
2222 2224 2226
22 765 767
285 1973 765
287 767 1973
1973 767 765
133 1432 1428
614 1975 1432
285 1428 1975
1975 1428 1432
135 1440 1444
287 1979 1440
614 1444 1979
1979 1444 1440
614 1979 1975
287 1973 1979
285 1975 1973
1973 1975 1979
24 779 778
299 2011 779
298 778 2011
2011 778 779
139 1468 1464
615 2015 1468
299 1464 2015
2015 1464 1468
133 1429 1433
298 2013 1429
615 1433 2013
2013 1433 1429
615 2013 2015
298 2011 2013
299 2015 2011
2011 2015 2013
133 1433 1432
615 2535 1433
614 1432 2535
2535 1432 1433
139 1469 1468
617 2537 1469
615 1468 2537
2537 1468 1469
135 1444 1445
614 2536 1444
617 1445 2536
2536 1445 1444
617 2536 2537
614 2535 2536
615 2537 2535
2535 2537 2536
3 660 658
180 1652 660
178 658 1652
1652 658 660
60 993 990
452 1659 993
180 990 1659
1659 990 993
58 978 981
178 1654 978
452 981 1654
1654 981 978
452 1654 1659
178 1652 1654
180 1659 1652
1652 1659 1654
28 802 798
322 2071 802
318 798 2071
2071 798 802
142 1485 1483
459 2084 1485
322 1483 2084
2084 1483 1485
60 991 995
318 2073 991
459 995 2073
2073 995 991
459 2073 2084
318 2071 2073
322 2084 2071
2071 2084 2073
26 786 789
306 2035 786
309 789 2035
2035 789 786
58 983 979
454 2037 983
306 979 2037
2037 979 983
142 1482 1484
309 2046 1482
454 1484 2046
2046 1484 1482
454 2046 2037
309 2035 2046
306 2037 2035
2035 2037 2046
142 1484 1485
454 2378 1484
459 1485 2378
2378 1485 1484
58 981 983
452 2375 981
454 983 2375
2375 983 981
60 995 993
459 2376 995
452 993 2376
2376 993 995
452 2376 2375
459 2378 2376
454 2375 2378
2378 2375 2376
10 694 693
214 1756 694
213 693 1756
1756 693 694
94 1196 1194
556 1760 1196
214 1194 1760
1760 1194 1196
93 1188 1191
213 1758 1188
556 1191 1758
1758 1191 1188
556 1758 1760
213 1756 1758
214 1760 1756
1756 1760 1758
32 825 823
345 2146 825
343 823 2146
2146 823 825
148 1521 1519
560 2153 1521
345 1519 2153
2153 1519 1521
94 1195 1198
343 2148 1195
560 1198 2148
2148 1198 1195
560 2148 2153
343 2146 2148
345 2153 2146
2146 2153 2148
28 799 803
319 2075 799
323 803 2075
2075 803 799
93 1193 1189
558 2077 1193
319 1189 2077
2077 1189 1193
148 1518 1520
323 2086 1518
558 1520 2086
2086 1520 1518
558 2086 2077
323 2075 2086
319 2077 2075
2075 2077 2086
148 1520 1521
558 2480 1520
560 1521 2480
2480 1521 1520
93 1191 1193
556 2478 1191
558 1193 2478
2478 1193 1191
94 1198 1196
560 2479 1198
556 1196 2479
2479 1196 1198
556 2479 2478
560 2480 2479
558 2478 2480
2480 2478 2479
4 663 666
183 1667 663
186 666 1667
1667 666 663
63 1011 1008
467 1669 1011
183 1008 1669
1669 1008 1011
66 1026 1028
186 1675 1026
467 1028 1675
1675 1028 1026
467 1675 1669
186 1667 1675
183 1669 1667
1667 1669 1675
26 791 787
311 2039 791
307 787 2039
2039 787 791
144 1496 1494
469 2050 1496
311 1494 2050
2050 1494 1496
63 1009 1013
307 2041 1009
469 1013 2041
2041 1013 1009
469 2041 2050
307 2039 2041
311 2050 2039
2039 2050 2041
32 822 824
342 2142 822
344 824 2142
2142 824 822
66 1030 1027
475 2144 1030
342 1027 2144
2144 1027 1030
144 1495 1497
344 2151 1495
475 1497 2151
2151 1497 1495
475 2151 2144
344 2142 2151
342 2144 2142
2142 2144 2151
144 1497 1496
475 2393 1497
469 1496 2393
2393 1496 1497
66 1028 1030
467 2391 1028
475 1030 2391
2391 1030 1028
63 1013 1011
469 2390 1013
467 1011 2390
2390 1011 1013
467 2390 2391
469 2393 2390
475 2391 2393
2393 2391 2390
32 824 825
344 2150 824
345 825 2150
2150 825 824
144 1499 1495
626 2152 1499
344 1495 2152
2152 1495 1499
148 1519 1523
345 2154 1519
626 1523 2154
2154 1523 1519
626 2154 2152
345 2150 2154
344 2152 2150
2150 2152 2154
26 789 791
309 2045 789
311 791 2045
2045 791 789
142 1486 1482
623 2047 1486
309 1482 2047
2047 1482 1486
144 1494 1498
311 2051 1494
623 1498 2051
2051 1498 1494
623 2051 2047
311 2045 2051
309 2047 2045
2045 2047 2051
28 803 802
323 2083 803
322 802 2083
2083 802 803
148 1522 1518
624 2087 1522
323 1518 2087
2087 1518 1522
142 1483 1487
322 2085 1483
624 1487 2085
2085 1487 1483
624 2085 2087
322 2083 2085
323 2087 2083
2083 2087 2085
142 1487 1486
624 2544 1487
623 1486 2544
2544 1486 1487
148 1523 1522
626 2546 1523
624 1522 2546
2546 1522 1523
144 1498 1499
623 2545 1498
626 1499 2545
2545 1499 1498
626 2545 2546
623 2544 2545
624 2546 2544
2544 2546 2545
10 692 695
212 1753 692
215 695 1753
1753 695 692
92 1185 1182
553 1755 1185
212 1182 1755
1755 1182 1185
95 1200 1202
215 1763 1200
553 1202 1763
1763 1202 1200
553 1763 1755
215 1753 1763
212 1755 1753
1753 1755 1763
20 755 751
275 1931 755
271 751 1931
1931 751 755
129 1406 1404
555 1942 1406
275 1404 1942
1942 1404 1406
92 1183 1187
271 1933 1183
555 1187 1933
1933 1187 1183
555 1933 1942
271 1931 1933
275 1942 1931
1931 1942 1933
37 853 855
373 2236 853
375 855 2236
2236 855 853
95 1204 1201
563 2238 1204
373 1201 2238
2238 1201 1204
129 1405 1407
375 2243 1405
563 1407 2243
2243 1407 1405
563 2243 2238
375 2236 2243
373 2238 2236
2236 2238 2243
129 1407 1406
563 2477 1407
555 1406 2477
2477 1406 1407
95 1202 1204
553 2475 1202
563 1204 2475
2475 1204 1202
92 1187 1185
555 2474 1187
553 1185 2474
2474 1185 1187
553 2474 2475
555 2477 2474
563 2475 2477
2477 2475 2474
1 648 650
168 1622 648
170 650 1622
1622 650 648
48 921 918
422 1624 921
168 918 1624
1624 918 921
50 930 933
170 1629 930
422 933 1629
1629 933 930
422 1629 1624
170 1622 1629
168 1624 1622
1622 1624 1629
18 741 738
261 1891 741
258 738 1891
1891 738 741
122 1364 1362
424 1902 1364
261 1362 1902
1902 1362 1364
48 919 923
258 1893 919
424 923 1893
1893 923 919
424 1893 1902
258 1891 1893
261 1902 1891
1891 1902 1893
20 750 753
270 1927 750
273 753 1927
1927 753 750
50 935 931
429 1929 935
270 931 1929
1929 931 935
122 1363 1365
273 1938 1363
429 1365 1938
1938 1365 1363
429 1938 1929
273 1927 1938
270 1929 1927
1927 1929 1938
122 1365 1364
429 2348 1365
424 1364 2348
2348 1364 1365
50 933 935
422 2346 933
429 935 2346
2346 935 933
48 923 921
424 2345 923
422 921 2345
2345 921 923
422 2345 2346
424 2348 2345
429 2346 2348
2348 2346 2345
6 676 672
196 1693 676
192 672 1693
1693 672 676
76 1088 1086
493 1705 1088
196 1086 1705
1705 1086 1088
72 1062 1065
192 1695 1062
493 1065 1695
1695 1065 1062
493 1695 1705
192 1693 1695
196 1705 1693
1693 1705 1695
37 854 852
374 2232 854
372 852 2232
2232 852 854
124 1377 1375
505 2241 1377
374 1375 2241
2241 1375 1377
76 1087 1090
372 2234 1087
505 1090 2234
2234 1090 1087
505 2234 2241
372 2232 2234
374 2241 2232
2232 2241 2234
18 739 743
259 1895 739
263 743 1895
1895 743 739
72 1067 1063
495 1897 1067
259 1063 1897
1897 1063 1067
124 1374 1376
263 1906 1374
495 1376 1906
1906 1376 1374
495 1906 1897
263 1895 1906
259 1897 1895
1895 1897 1906
124 1376 1377
495 2417 1376
505 1377 2417
2417 1377 1376
72 1065 1067
493 2414 1065
495 1067 2414
2414 1067 1065
76 1090 1088
505 2415 1090
493 1088 2415
2415 1088 1090
493 2415 2414
505 2417 2415
495 2414 2417
2417 2414 2415
18 743 741
263 1901 743
261 741 1901
1901 741 743
124 1378 1374
605 1907 1378
263 1374 1907
1907 1374 1378
122 1362 1366
261 1903 1362
605 1366 1903
1903 1366 1362
605 1903 1907
261 1901 1903
263 1907 1901
1901 1907 1903
37 855 854
375 2240 855
374 854 2240
2240 854 855
129 1409 1405
608 2244 1409
375 1405 2244
2244 1405 1409
124 1375 1379
374 2242 1375
608 1379 2242
2242 1379 1375
608 2242 2244
374 2240 2242
375 2244 2240
2240 2244 2242
20 753 755
273 1937 753
275 755 1937
1937 755 753
122 1367 1363
606 1939 1367
273 1363 1939
1939 1363 1367
129 1404 1408
275 1943 1404
606 1408 1943
1943 1408 1404
606 1943 1939
275 1937 1943
273 1939 1937
1937 1939 1943
129 1408 1409
606 2528 1408
608 1409 2528
2528 1409 1408
122 1366 1367
605 2526 1366
606 1367 2526
2526 1367 1366
124 1379 1378
608 2527 1379
605 1378 2527
2527 1378 1379
605 2527 2526
608 2528 2527
606 2526 2528
2528 2526 2527
9 691 689
211 1744 691
209 689 1744
1744 689 691
91 1178 1176
544 1750 1178
211 1176 1750
1750 1176 1178
89 1164 1167
209 1746 1164
544 1167 1746
1746 1167 1164
544 1746 1750
209 1744 1746
211 1750 1744
1744 1750 1746
41 878 876
398 2304 878
396 876 2304
2304 876 878
154 1557 1555
550 2313 1557
398 1555 2313
2313 1555 1557
91 1177 1180
396 2306 1177
550 1180 2306
2306 1180 1177
550 2306 2313
396 2304 2306
398 2313 2304
2304 2313 2306
33 829 833
349 2165 829
353 833 2165
2165 833 829
89 1169 1165
546 2167 1169
349 1165 2167
2167 1165 1169
154 1554 1556
353 2176 1554
546 1556 2176
2176 1556 1554
546 2176 2167
353 2165 2176
349 2167 2165
2165 2167 2176
154 1556 1557
546 2468 1556
550 1557 2468
2468 1557 1556
89 1167 1169
544 2466 1167
546 1169 2466
2466 1169 1167
91 1180 1178
550 2467 1180
544 1178 2467
2467 1178 1180
544 2467 2466
550 2468 2467
546 2466 2468
2468 2466 2467
11 699 701
219 1774 699
221 701 1774
1774 701 699
99 1227 1224
574 1776 1227
219 1224 1776
1776 1224 1227
101 1236 1238
221 1780 1236
574 1238 1780
1780 1238 1236
574 1780 1776
221 1774 1780
219 1776 1774
1774 1776 1780
34 839 835
359 2183 839
355 835 2183
2183 835 839
155 1562 1560
576 2194 1562
359 1560 2194
2194 1560 1562
99 1225 1229
355 2185 1225
576 1229 2185
2185 1229 1225
576 2185 2194
355 2183 2185
359 2194 2183
2183 2194 2185
41 877 879
397 2308 877
399 879 2308
2308 879 877
101 1240 1237
580 2310 1240
397 1237 2310
2310 1237 1240
155 1561 1563
399 2315 1561
580 1563 2315
2315 1563 1561
580 2315 2310
399 2308 2315
397 2310 2308
2308 2310 2315
155 1563 1562
580 2498 1563
576 1562 2498
2498 1562 1563
101 1238 1240
574 2497 1238
580 1240 2497
2497 1240 1238
99 1229 1227
576 2496 1229
574 1227 2496
2496 1227 1229
574 2496 2497
576 2498 2496
580 2497 2498
2498 2497 2496
5 670 671
190 1687 670
191 671 1687
1687 671 670
70 1053 1050
487 1689 1053
190 1050 1689
1689 1050 1053
71 1056 1059
191 1691 1056
487 1059 1691
1691 1059 1056
487 1691 1689
191 1687 1691
190 1689 1687
1687 1689 1691
33 832 828
352 2161 832
348 828 2161
2161 828 832
153 1550 1548
489 2174 1550
352 1548 2174
2174 1548 1550
70 1051 1055
348 2163 1051
489 1055 2163
2163 1055 1051
489 2163 2174
348 2161 2163
352 2174 2161
2161 2174 2163
34 834 838
354 2179 834
358 838 2179
2179 838 834
71 1061 1057
491 2181 1061
354 1057 2181
2181 1057 1061
153 1549 1551
358 2192 1549
491 1551 2192
2192 1551 1549
491 2192 2181
358 2179 2192
354 2181 2179
2179 2181 2192
153 1551 1550
491 2411 1551
489 1550 2411
2411 1550 1551
71 1059 1061
487 2410 1059
491 1061 2410
2410 1061 1059
70 1055 1053
489 2409 1055
487 1053 2409
2409 1053 1055
487 2409 2410
489 2411 2409
491 2410 2411
2411 2410 2409
34 838 839
358 2191 838
359 839 2191
2191 839 838
153 1553 1549
634 2193 1553
358 1549 2193
2193 1549 1553
155 1560 1564
359 2195 1560
634 1564 2195
2195 1564 1560
634 2195 2193
359 2191 2195
358 2193 2191
2191 2193 2195
33 833 832
353 2173 833
352 832 2173
2173 832 833
154 1558 1554
633 2177 1558
353 1554 2177
2177 1554 1558
153 1548 1552
352 2175 1548
633 1552 2175
2175 1552 1548
633 2175 2177
352 2173 2175
353 2177 2173
2173 2177 2175
41 879 878
399 2312 879
398 878 2312
2312 878 879
155 1565 1561
635 2316 1565
399 1561 2316
2316 1561 1565
154 1555 1559
398 2314 1555
635 1559 2314
2314 1559 1555
635 2314 2316
398 2312 2314
399 2316 2312
2312 2316 2314
154 1559 1558
635 2554 1559
633 1558 2554
2554 1558 1559
155 1564 1565
634 2555 1564
635 1565 2555
2555 1565 1564
153 1552 1553
633 2553 1552
634 1553 2553
2553 1553 1552
634 2553 2555
633 2554 2553
635 2555 2554
2554 2555 2553
11 701 700
221 1777 701
220 700 1777
1777 700 701
101 1239 1236
577 1781 1239
221 1236 1781
1781 1236 1239
100 1230 1233
220 1779 1230
577 1233 1779
1779 1233 1230
577 1779 1781
220 1777 1779
221 1781 1777
1777 1781 1779
41 881 877
401 2309 881
397 877 2309
2309 877 881
161 1599 1597
581 2320 1599
401 1597 2320
2320 1597 1599
101 1237 1241
397 2311 1237
581 1241 2311
2311 1241 1237
581 2311 2320
397 2309 2311
401 2320 2309
2309 2320 2311
39 865 869
385 2273 865
389 869 2273
2273 869 865
100 1235 1231
579 2275 1235
385 1231 2275
2275 1231 1235
161 1596 1598
389 2284 1596
579 1598 2284
2284 1598 1596
579 2284 2275
389 2273 2284
385 2275 2273
2273 2275 2284
161 1598 1599
579 2501 1598
581 1599 2501
2501 1599 1598
100 1233 1235
577 2499 1233
579 1235 2499
2499 1235 1233
101 1241 1239
581 2500 1241
577 1239 2500
2500 1239 1241
577 2500 2499
581 2501 2500
579 2499 2501
2501 2499 2500
9 690 691
210 1747 690
211 691 1747
1747 691 690
90 1173 1170
547 1749 1173
210 1170 1749
1749 1170 1173
91 1176 1179
211 1751 1176
547 1179 1751
1751 1179 1176
547 1751 1749
211 1747 1751
210 1749 1747
1747 1749 1751
38 863 859
383 2255 863
379 859 2255
2255 859 863
160 1592 1590
549 2266 1592
383 1590 2266
2266 1590 1592
90 1171 1175
379 2257 1171
549 1175 2257
2257 1175 1171
549 2257 2266
379 2255 2257
383 2266 2255
2255 2266 2257
41 876 880
396 2305 876
400 880 2305
2305 880 876
91 1181 1177
551 2307 1181
396 1177 2307
2307 1177 1181
160 1591 1593
400 2318 1591
551 1593 2318
2318 1593 1591
551 2318 2307
400 2305 2318
396 2307 2305
2305 2307 2318
160 1593 1592
551 2471 1593
549 1592 2471
2471 1592 1593
91 1179 1181
547 2470 1179
551 1181 2470
2470 1181 1179
90 1175 1173
549 2469 1175
547 1173 2469
2469 1173 1175
547 2469 2470
549 2471 2469
551 2470 2471
2471 2470 2469
7 681 680
201 1717 681
200 680 1717
1717 680 681
81 1119 1116
517 1721 1119
201 1116 1721
1721 1116 1119
80 1110 1113
200 1719 1110
517 1113 1719
1719 1113 1110
517 1719 1721
200 1717 1719
201 1721 1717
1717 1721 1719
39 868 864
388 2269 868
384 864 2269
2269 864 868
159 1587 1585
521 2282 1587
388 1585 2282
2282 1585 1587
81 1117 1121
384 2271 1117
521 1121 2271
2271 1121 1117
521 2271 2282
384 2269 2271
388 2282 2269
2269 2282 2271
38 858 862
378 2251 858
382 862 2251
2251 862 858
80 1115 1111
519 2253 1115
378 1111 2253
2253 1111 1115
159 1584 1586
382 2264 1584
519 1586 2264
2264 1586 1584
519 2264 2253
382 2251 2264
378 2253 2251
2251 2253 2264
159 1586 1587
519 2441 1586
521 1587 2441
2441 1587 1586
80 1113 1115
517 2439 1113
519 1115 2439
2439 1115 1113
81 1121 1119
521 2440 1121
517 1119 2440
2440 1119 1121
517 2440 2439
521 2441 2440
519 2439 2441
2441 2439 2440
38 862 863
382 2263 862
383 863 2263
2263 863 862
159 1588 1584
639 2265 1588
382 1584 2265
2265 1584 1588
160 1590 1594
383 2267 1590
639 1594 2267
2267 1594 1590
639 2267 2265
383 2263 2267
382 2265 2263
2263 2265 2267
39 869 868
389 2281 869
388 868 2281
2281 868 869
161 1600 1596
640 2285 1600
389 1596 2285
2285 1596 1600
159 1585 1589
388 2283 1585
640 1589 2283
2283 1589 1585
640 2283 2285
388 2281 2283
389 2285 2281
2281 2285 2283
41 880 881
400 2317 880
401 881 2317
2317 881 880
160 1595 1591
641 2319 1595
400 1591 2319
2319 1591 1595
161 1597 1601
401 2321 1597
641 1601 2321
2321 1601 1597
641 2321 2319
401 2317 2321
400 2319 2317
2317 2319 2321
161 1601 1600
641 2561 1601
640 1600 2561
2561 1600 1601
160 1594 1595
639 2560 1594
641 1595 2560
2560 1595 1594
159 1589 1588
640 2559 1589
639 1588 2559
2559 1588 1589
639 2559 2560
640 2561 2559
641 2560 2561
2561 2560 2559